tree	node	distance	d-025	d-975	brLen	speed	x-005	x-095	slower	faster
joyce2023	--	3107749.725	2984864.867	3232014.837	4435.635	700.632	3643484.313	3848562.801	1.000	0.000
joyce2023	1	16353.159	8741.321	26577.056	25.000	654.126	13912.285	28396.136	0.301	0.011
joyce2023	2	25477.278	15088.222	39531.626	40.625	627.133	23773.523	42999.040	0.397	0.007
joyce2023	3	5225.393	1572.031	11147.879	7.500	696.719	2866.214	11177.957	0.134	0.025
joyce2023	4	22533.029	13127.037	33979.878	31.250	721.057	17833.873	34609.444	0.180	0.020
joyce2023	5	9262.356	3892.595	16655.681	11.875	779.988	6312.227	16616.567	0.174	0.026
joyce2023	6	13128.342	5631.380	22417.594	19.375	677.592	9028.687	22474.730	0.153	0.024
joyce2023	7	15237.497	7594.825	23527.037	19.375	786.451	9344.559	21556.266	0.062	0.065
joyce2023	8	7103.854	2671.071	13793.307	9.375	757.744	4651.421	13379.574	0.173	0.032
joyce2023	9	20382.414	11502.429	31444.382	29.375	693.869	15561.164	31531.297	0.160	0.024
joyce2023	10	8092.792	2777.938	15106.702	10.625	761.675	4886.099	14505.539	0.162	0.036
joyce2023	11	12776.089	5578.550	22025.683	18.750	681.391	8850.578	21763.958	0.153	0.028
joyce2023	12	6578.453	2394.886	13417.697	9.060	726.092	4031.043	13252.954	0.157	0.028
joyce2023	13	6097.202	2340.944	12925.458	9.690	629.231	3448.399	12209.293	0.140	0.040
joyce2023	14	2146.693	291.092	7009.149	3.876	553.847	889.561	6338.119	0.148	0.043
joyce2023	15	3967.221	1361.019	9828.202	5.814	682.362	2318.492	9057.985	0.136	0.045
joyce2023	16	4360.610	1711.211	9586.465	5.814	750.025	2237.535	9571.256	0.053	0.025
joyce2023	17	7257.315	3006.932	14412.931	11.250	645.095	5580.773	15468.127	0.263	0.014
joyce2023	18	20511.126	11668.201	32483.760	31.250	656.356	18085.537	34554.155	0.323	0.011
joyce2023	19	24943.778	14707.744	37690.306	36.875	676.441	20314.732	39250.922	0.216	0.014
joyce2023	20	22959.504	12323.812	36652.482	36.875	622.631	21385.552	38796.930	0.404	0.012
joyce2023	21	12683.361	6594.621	22503.482	20.625	614.951	10944.599	24679.636	0.319	0.010
joyce2023	22	3599.114	1222.989	7421.536	3.750	959.764	2016.849	7773.321	0.122	0.017
joyce2023	23	31221.972	21479.322	43514.107	43.750	713.645	24955.843	44845.809	0.113	0.016
joyce2023	24	9528.611	4322.219	17686.732	14.375	662.860	7163.927	18879.351	0.217	0.013
joyce2023	25	21299.422	13112.978	31712.474	29.375	725.087	14752.072	31255.651	0.062	0.030
joyce2023	26	11055.682	4517.783	19849.567	16.250	680.350	7934.847	20295.333	0.211	0.020
joyce2023	27	9892.794	4757.968	16707.838	13.125	753.737	5687.133	17003.241	0.054	0.021
joyce2023	28	12078.589	5428.934	18172.934	13.125	920.273	5549.732	16896.589	0.027	0.056
joyce2023	29	1144.818	221.006	2817.765	0.625	1831.709	444.780	2779.877	0.107	0.028
joyce2023	30	30081.794	19829.066	44637.968	46.875	641.745	27891.351	48476.312	0.364	0.007
joyce2023	31	5593.112	2395.944	10720.191	7.500	745.748	3862.505	12220.490	0.177	0.009
joyce2023	32	4976.214	1523.617	10553.973	8.750	568.710	3206.993	11535.748	0.198	0.014
joyce2023	33	20070.574	12008.346	31537.699	30.625	655.366	16479.946	33631.250	0.232	0.011
joyce2023	34	17819.725	9414.844	29607.769	30.625	581.869	16724.936	33704.455	0.414	0.005
joyce2023	35	4009.963	1234.931	8122.502	5.625	712.882	2389.328	9729.306	0.164	0.004
joyce2023	36	4315.452	1341.840	9173.198	6.875	627.702	2915.738	10542.966	0.235	0.007
joyce2023	37	14720.332	6902.637	25282.856	26.875	547.733	14186.469	29608.445	0.456	0.004
joyce2023	38	15767.425	8174.248	25978.823	26.875	586.695	13993.287	29698.483	0.350	0.006
joyce2023	39	5822.649	2284.872	11304.990	9.375	621.083	4324.111	13783.934	0.255	0.004
joyce2023	40	12944.720	5618.503	22869.453	24.375	531.065	12132.856	26895.538	0.429	0.004
joyce2023	41	3873.220	1157.921	8847.909	6.250	619.715	2570.618	10008.116	0.235	0.008
joyce2023	42	10115.762	4303.946	18454.607	18.125	558.111	8812.267	21851.726	0.372	0.004
joyce2023	43	5553.520	2137.278	11363.204	8.750	634.688	4375.585	13190.837	0.306	0.006
joyce2023	44	4029.624	1310.961	10931.467	9.375	429.827	3270.070	12151.363	0.362	0.011
joyce2023	45	4481.507	1297.201	11583.232	9.375	478.027	3343.397	12199.615	0.322	0.017
joyce2023	46	5161.542	1706.597	10655.925	6.875	750.770	2661.903	10586.402	0.103	0.026
joyce2023	47	5736.301	1826.802	11585.235	6.875	834.371	3033.666	11046.476	0.119	0.037
joyce2023	48	62167.746	45248.348	80309.665	90.625	685.989	58396.112	85125.278	0.337	0.007
joyce2023	49	11107.734	5081.518	18511.043	12.500	888.619	6439.924	17039.315	0.078	0.056
joyce2023	50	35467.895	23712.082	49078.089	50.000	709.358	29625.373	50666.317	0.175	0.015
joyce2023	51	19890.000	11052.114	30233.422	28.125	707.200	15220.063	30903.132	0.169	0.019
joyce2023	52	5681.238	1941.436	11100.057	6.875	826.362	2798.256	10728.663	0.083	0.033
joyce2023	53	15719.433	8675.433	24445.148	21.250	739.738	11015.093	24719.926	0.105	0.022
joyce2023	54	8168.017	3543.225	14560.852	10.625	768.755	4760.994	14602.362	0.088	0.024
joyce2023	55	9417.466	4111.460	15210.139	10.625	886.350	4679.732	14251.098	0.045	0.048
joyce2023	56	9254.787	3796.420	15639.545	10.625	871.039	4733.451	14540.564	0.068	0.052
joyce2023	57	9374.363	3945.205	16219.838	11.125	842.639	5130.684	15300.746	0.076	0.043
joyce2023	58	8837.922	3624.825	15621.106	11.000	803.447	5289.087	15246.890	0.119	0.031
joyce2023	59	5022.503	1687.470	9929.245	5.750	873.479	2664.349	9509.825	0.103	0.036
joyce2023	60	42566.432	29914.679	57076.286	61.250	694.962	36771.581	61596.738	0.197	0.006
joyce2023	61	4127.807	1412.183	8120.052	3.750	1100.749	2168.696	7798.727	0.098	0.035
joyce2023	62	39999.333	27746.421	54306.597	57.500	695.641	34910.741	57228.473	0.218	0.010
joyce2023	63	15163.244	8028.384	23994.212	20.625	735.188	11113.363	24108.563	0.148	0.024
joyce2023	64	26490.679	17104.999	37749.259	36.875	718.391	21230.526	39103.528	0.149	0.015
joyce2023	65	13488.611	6999.929	21622.207	17.500	770.778	9701.885	22083.776	0.144	0.020
joyce2023	66	13780.327	7650.855	21950.226	19.375	711.243	8930.852	22870.958	0.067	0.016
joyce2023	67	13050.234	5998.086	21820.569	19.375	673.560	8696.951	22400.884	0.139	0.019
joyce2023	68	4301.069	1435.847	8722.405	4.375	983.101	2249.530	8610.778	0.102	0.028
joyce2023	69	47974.297	32812.281	63909.218	68.750	697.808	42709.742	67528.483	0.252	0.008
joyce2023	70	17329.043	9730.044	26738.192	24.375	710.935	12338.732	25967.568	0.106	0.035
joyce2023	71	17327.351	8895.247	27077.408	24.375	710.866	12834.814	27076.366	0.163	0.025
joyce2023	72	3639.677	1175.052	7833.761	3.750	970.580	2011.692	7655.070	0.133	0.030
joyce2023	73	23902.799	14715.901	33811.556	30.000	796.760	16725.745	33225.598	0.065	0.033
joyce2023	74	40949.081	29047.072	55173.755	59.375	689.669	34692.167	57184.306	0.164	0.013
joyce2023	75	2901.321	477.686	7648.711	3.688	786.799	889.561	6671.704	0.078	0.062
joyce2023	76	3566.036	1254.345	8546.721	3.688	967.061	1886.339	7757.110	0.103	0.050
joyce2023	77	38946.604	27221.773	52814.209	55.688	699.378	33941.743	56130.313	0.216	0.008
joyce2023	78	5591.433	1679.555	11584.844	6.875	813.299	2962.190	10354.147	0.136	0.062
joyce2023	79	28441.209	18085.948	44318.630	48.125	590.986	29172.605	49570.648	0.543	0.005
joyce2023	80	8983.199	3786.217	17070.627	14.995	599.073	7381.542	19371.298	0.318	0.008
joyce2023	81	11876.815	6564.802	20753.973	19.380	612.844	9173.029	21838.707	0.221	0.015
joyce2023	82	11428.738	5959.799	20448.417	19.380	589.723	9291.988	22636.260	0.285	0.009
joyce2023	83	6748.414	2547.326	13588.251	10.625	635.145	5147.459	14670.124	0.282	0.013
joyce2023	84	15112.487	8681.893	24817.079	23.750	636.315	12369.054	26767.516	0.259	0.011
joyce2023	85	10006.753	4191.391	18065.375	15.000	667.117	7707.304	19255.630	0.260	0.013
joyce2023	86	5998.299	2048.188	10955.075	8.750	685.520	3135.654	12660.395	0.096	0.008
joyce2023	87	6227.186	2072.872	10971.843	8.750	711.678	3350.646	12163.607	0.115	0.011
joyce2023	88	4358.339	1456.585	9513.797	5.625	774.816	2601.018	9731.001	0.151	0.021
joyce2023	89	19960.438	11960.606	32596.466	33.125	602.579	19807.278	36656.879	0.488	0.006
joyce2023	90	4713.798	1563.135	10033.654	6.250	754.208	2585.786	10331.260	0.121	0.020
joyce2023	91	6564.602	2603.992	12778.671	8.750	750.240	4314.857	13256.543	0.168	0.019
joyce2023	92	17469.766	8899.901	28844.987	28.750	607.644	15547.194	30410.620	0.351	0.014
joyce2023	93	19548.615	11491.574	29013.111	25.000	781.945	13820.001	28016.253	0.086	0.039
joyce2023	94	5368.349	1900.009	10822.301	3.750	1431.560	889.561	6449.314	0.004	0.383
joyce2023	95	6588.444	1523.112	9935.244	3.750	1756.918	778.365	6338.119	0.009	0.548
joyce2023	96	3712.087	1152.723	7576.274	3.750	989.890	2183.684	8006.105	0.156	0.016
joyce2023	97	20774.695	11467.234	33088.034	33.750	615.547	17991.382	35834.997	0.304	0.009
joyce2023	98	7120.617	2691.107	14286.690	11.250	632.944	5296.825	15235.810	0.269	0.014
joyce2023	99	14453.989	8080.170	23972.039	22.500	642.400	11871.553	25509.999	0.261	0.013
joyce2023	100	4408.793	1326.885	9801.645	6.250	705.407	2699.805	9974.636	0.198	0.022
joyce2023	101	10806.520	5837.130	18748.012	16.250	665.017	7834.691	19856.284	0.133	0.014
joyce2023	102	12236.013	7320.100	20051.715	16.250	752.985	7837.573	20440.096	0.038	0.020
joyce2023	103	2066.318	343.598	6115.436	2.500	826.527	667.170	5559.753	0.084	0.043
joyce2023	104	24628.505	14403.920	36508.479	35.000	703.672	20399.511	37875.539	0.226	0.014
joyce2023	105	9177.728	3305.200	13169.988	6.250	1468.436	2454.276	9950.117	0.009	0.367
joyce2023	106	5624.718	1778.598	9764.819	3.125	1799.910	1957.656	7449.135	0.035	0.204
joyce2023	107	2513.520	493.406	5140.374	3.125	804.326	667.170	6115.729	0.042	0.006
joyce2023	108	2743.553	555.986	5542.159	3.125	877.937	778.365	6226.924	0.047	0.017
joyce2023	109	4556.036	1441.462	9728.293	4.375	1041.380	1949.827	8412.679	0.064	0.075
joyce2023	110	26239.009	15578.125	38231.873	36.875	711.566	21233.187	39276.579	0.186	0.017
joyce2023	111	5216.576	1520.349	10939.160	5.625	927.391	2473.421	9707.899	0.099	0.063
joyce2023	112	2855.146	940.188	5773.823	1.875	1522.745	1448.544	5566.951	0.095	0.033
joyce2023	113	19696.947	10537.659	30898.607	29.375	670.534	14885.661	30956.307	0.172	0.024
joyce2023	114	19867.712	10760.706	31033.121	29.375	676.348	15136.049	31221.337	0.180	0.023
joyce2023	115	9563.139	4246.349	17158.565	11.875	805.317	6345.086	16529.658	0.151	0.036
joyce2023	116	12331.842	5490.503	21832.000	19.375	636.482	8747.575	22198.337	0.189	0.021
joyce2023	117	12164.607	5782.477	21790.957	19.375	627.851	8762.206	22158.780	0.185	0.021
joyce2023	118	3005.478	1015.982	6067.197	2.500	1202.191	1634.854	6574.598	0.111	0.013
joyce2023	119	1493.376	243.332	3668.752	1.250	1194.701	444.780	4003.022	0.070	0.014
joyce2023	120	14918.684	8450.922	25526.025	26.875	555.114	14203.682	29977.338	0.429	0.004
joyce2023	121	13464.852	7321.811	22760.028	21.875	615.536	12354.229	26452.786	0.377	0.005
joyce2023	122	14348.039	7457.105	24424.105	24.375	588.637	11826.504	26775.983	0.286	0.009
joyce2023	123	14123.072	7310.474	24221.730	24.375	579.408	12428.716	27114.895	0.355	0.007
joyce2023	124	7924.433	3846.400	14111.272	11.875	667.321	6204.396	16549.755	0.237	0.006
joyce2023	125	5424.504	1537.552	11497.452	8.125	667.631	3330.874	12022.815	0.191	0.018
joyce2023	126	2625.591	822.081	5627.356	1.875	1400.315	1556.822	5693.308	0.159	0.023
joyce2023	127	14847.699	7776.542	25596.870	24.375	609.136	12160.485	26901.258	0.261	0.015
joyce2023	128	18311.582	11034.060	27920.508	24.375	751.244	12141.432	26585.024	0.047	0.045
joyce2023	129	7087.846	2416.387	14643.212	10.746	659.572	5095.502	14673.383	0.263	0.025
joyce2023	130	11956.829	5224.271	20116.023	15.504	771.216	7523.594	18995.848	0.086	0.044
joyce2023	131	11667.615	5538.340	19709.703	15.504	752.561	7281.162	19011.988	0.070	0.036
joyce2023	132	1425.610	222.088	3831.660	1.250	1140.488	444.780	3891.827	0.097	0.022
joyce2023	133	11348.830	5133.428	18786.082	14.375	789.484	7503.965	18969.542	0.120	0.023
joyce2023	134	12514.498	6728.762	21167.567	18.750	667.440	8942.483	21711.893	0.143	0.020
joyce2023	135	9858.323	4533.358	19632.665	18.750	525.777	8961.113	22198.934	0.404	0.008
joyce2023	136	4487.201	1314.743	8819.307	5.000	897.440	2365.662	9340.627	0.132	0.016
joyce2023	137	20874.509	13405.683	30826.065	28.125	742.205	15142.749	30517.435	0.078	0.028
joyce2023	138	3629.752	1097.589	8161.059	4.375	829.658	2310.778	8340.364	0.210	0.021
joyce2023	139	3373.408	1000.646	7924.869	4.375	771.065	1962.403	8195.495	0.174	0.019
joyce2023	140	11336.469	5879.578	20208.494	19.375	585.108	9288.430	22732.298	0.301	0.008
joyce2023	141	11593.301	5651.505	20470.634	19.375	598.364	8841.924	21818.188	0.228	0.013
joyce2023	142	11836.185	4707.807	21019.263	15.625	757.516	7952.240	19769.654	0.179	0.046
joyce2023	143	10003.320	3241.688	15485.089	8.125	1231.178	3044.550	11618.619	0.020	0.296
joyce2023	144	10597.296	4742.789	16396.105	8.125	1304.283	2897.906	11323.571	0.005	0.394
joyce2023	145	1141.729	221.797	2776.569	0.625	1826.767	333.585	2779.877	0.062	0.025
joyce2023	146	42655.887	28212.019	62616.213	72.500	588.357	45333.880	69929.787	0.610	0.004
joyce2023	147	3603.359	1220.943	7477.398	3.750	960.896	2115.551	7858.260	0.141	0.017
joyce2023	148	25739.205	15374.215	38319.163	38.125	675.127	21127.548	40059.313	0.208	0.013
joyce2023	149	21013.608	11602.095	32379.590	30.625	686.159	16792.231	32867.898	0.213	0.021
joyce2023	150	6406.191	2611.733	12433.207	7.369	869.321	4027.246	12258.674	0.143	0.028
joyce2023	151	15512.753	7682.731	25553.431	23.256	667.048	11381.306	26718.840	0.177	0.015
joyce2023	152	15636.666	7738.788	25669.733	23.256	672.377	11811.627	25969.540	0.195	0.022
joyce2023	153	1141.031	209.366	2795.356	0.625	1825.649	333.585	2779.877	0.066	0.026
joyce2023	154	20357.531	11741.999	32183.634	31.875	638.668	18076.343	34245.038	0.319	0.012
joyce2023	155	22176.215	12247.584	35973.790	36.250	611.758	20763.538	38420.567	0.413	0.011
joyce2023	156	6475.788	2658.855	13186.985	9.375	690.751	4837.339	14027.945	0.241	0.014
joyce2023	157	15160.289	8121.988	27086.824	26.875	564.104	14300.377	29140.904	0.430	0.011
joyce2023	158	5257.802	2259.165	10865.651	7.500	701.040	3925.849	12360.241	0.229	0.008
joyce2023	159	10300.328	5127.815	19974.556	19.375	531.630	8685.420	22303.981	0.322	0.009
joyce2023	160	9431.791	4498.050	19904.947	19.375	486.802	9009.442	22157.689	0.452	0.009
joyce2023	161	1136.536	216.541	2779.981	0.625	1818.458	333.585	2668.682	0.065	0.033
joyce2023	162	45282.125	31471.774	61789.069	67.500	670.846	41167.440	65866.782	0.300	0.008
joyce2023	163	1732.430	289.614	4518.562	1.875	923.963	555.975	4781.388	0.082	0.018
joyce2023	164	40332.143	27479.559	57993.575	65.625	614.585	39759.607	64495.951	0.470	0.004
joyce2023	165	2996.621	1005.982	6110.739	2.500	1198.648	1578.036	6235.458	0.103	0.021
joyce2023	166	25944.762	16003.114	39592.644	41.875	619.576	24450.945	43424.206	0.398	0.007
joyce2023	167	11691.154	5851.583	22182.603	21.250	550.172	11132.678	24821.495	0.447	0.008
joyce2023	168	11872.291	5875.741	22426.927	21.250	558.696	11188.760	24644.737	0.436	0.010
joyce2023	169	3395.456	1132.555	7419.148	3.750	905.455	2042.775	7673.401	0.156	0.020
joyce2023	170	2115.679	350.783	5906.775	3.125	677.017	778.365	6115.729	0.104	0.020
joyce2023	171	34732.015	22495.395	50894.212	56.250	617.458	33975.386	55829.484	0.458	0.006
joyce2023	172	4280.000	1395.814	9342.115	5.625	760.889	2524.102	9505.951	0.153	0.022
joyce2023	173	34355.695	21744.580	48987.909	50.625	678.631	29592.920	50593.771	0.250	0.015
joyce2023	174	3036.178	952.685	6518.174	2.625	1156.639	1699.305	6710.444	0.136	0.020
joyce2023	175	29624.322	17318.582	45372.703	48.000	617.173	28176.305	49223.903	0.422	0.007
joyce2023	176	1362.177	190.748	3674.142	1.000	1362.177	444.780	3335.852	0.106	0.045
joyce2023	177	1780.092	168.006	4019.647	1.000	1780.092	333.585	3669.437	0.042	0.051
joyce2023	178	31350.470	21022.624	44417.825	43.512	720.508	25873.386	45039.087	0.168	0.021
joyce2023	179	2504.701	335.460	5707.993	3.488	718.014	889.561	6449.314	0.084	0.010
joyce2023	180	2512.982	326.702	5742.509	3.488	720.388	778.365	6449.314	0.075	0.010
joyce2023	181	8104.345	3279.446	15802.134	13.125	617.474	5881.260	16363.651	0.227	0.019
joyce2023	182	29464.601	17429.276	44411.600	46.250	637.072	27101.226	46998.798	0.367	0.011
joyce2023	183	8547.075	3954.083	15862.935	11.875	719.754	6105.024	16754.468	0.194	0.014
joyce2023	184	18912.710	9949.423	32519.416	34.375	550.188	18427.954	35906.138	0.468	0.008
joyce2023	185	6269.002	2510.955	13329.381	10.000	626.900	4541.515	13965.757	0.232	0.017
joyce2023	186	3311.192	1086.250	8067.252	4.995	662.881	2006.706	8764.012	0.161	0.014
joyce2023	187	10963.235	4886.894	21346.558	19.380	565.703	8978.172	21813.489	0.316	0.020
joyce2023	188	10055.510	4650.898	20196.945	19.380	518.864	9391.855	21931.257	0.432	0.012
joyce2023	189	3280.597	1085.859	7861.157	5.000	656.119	2045.787	8684.206	0.173	0.012
joyce2023	190	3915.291	1353.261	9002.110	6.875	569.497	2905.592	10802.107	0.257	0.007
joyce2023	191	6437.216	2872.513	14161.772	12.500	514.977	5867.873	16275.551	0.404	0.008
joyce2023	192	6104.009	2615.627	13883.104	12.500	488.321	5449.121	16335.163	0.386	0.007
joyce2023	193	4132.290	1425.512	9810.341	7.747	533.399	3001.361	11398.177	0.249	0.010
joyce2023	194	6791.228	2884.941	14578.416	11.628	584.046	5202.363	15495.417	0.262	0.015
joyce2023	195	6369.443	2927.792	13483.909	11.628	547.772	5260.636	15573.248	0.297	0.008
joyce2023	196	20810.684	12702.498	33800.790	38.750	537.050	21468.812	40345.471	0.551	0.003
joyce2023	197	7584.317	2720.036	13961.205	8.125	933.454	4135.874	12659.016	0.107	0.061
joyce2023	198	6274.709	2234.460	12990.762	8.125	772.272	3770.620	12502.001	0.152	0.034
joyce2023	199	13380.475	6044.861	22702.337	19.375	690.605	8931.910	22060.780	0.136	0.033
joyce2023	200	1885.812	261.271	5504.614	2.500	754.325	778.365	5448.558	0.150	0.026
joyce2023	201	12221.042	5308.807	21040.934	16.875	724.210	8212.454	20690.406	0.157	0.030
joyce2023	202	1446.487	222.327	3775.783	1.250	1157.190	555.975	3891.827	0.128	0.020
joyce2023	203	11029.257	4452.381	19702.410	15.625	705.872	7555.701	19088.232	0.183	0.034
joyce2023	204	11557.168	5148.069	20015.940	15.625	739.659	7669.483	19248.216	0.151	0.037
joyce2023	205	7612.611	2667.542	14586.857	9.375	812.012	4720.874	14234.471	0.173	0.031
joyce2023	206	3712.779	1150.314	8097.107	4.375	848.635	2190.247	8545.922	0.160	0.017
joyce2023	207	9483.193	3893.460	17552.473	13.750	689.687	6171.828	17303.303	0.174	0.028
joyce2023	208	9631.153	3979.842	17633.274	13.750	700.448	6035.154	17198.747	0.157	0.031
joyce2023	209	1687.598	242.915	4653.213	1.875	900.052	667.170	4447.803	0.131	0.032
joyce2023	210	11487.869	5051.477	20396.514	16.250	706.946	7873.079	19718.419	0.185	0.035
joyce2023	211	2703.736	857.160	5460.388	1.875	1441.993	1548.972	5668.958	0.140	0.018
joyce2023	212	9751.489	3966.598	18038.683	14.375	678.364	6074.204	17513.031	0.159	0.033
joyce2023	213	9842.418	4001.323	18190.574	14.375	684.690	6167.111	17290.662	0.165	0.039
joyce2023	214	2317.270	707.620	4756.248	1.250	1853.816	1217.701	4703.236	0.122	0.028
joyce2023	215	1760.108	245.177	4443.392	1.875	938.724	667.170	4892.583	0.132	0.012
joyce2023	216	18227.066	9364.011	29788.445	32.500	560.833	17982.141	35042.173	0.481	0.004
joyce2023	217	3568.856	1137.210	7318.177	3.750	951.695	2158.715	8118.822	0.173	0.009
joyce2023	218	9052.562	3787.327	16578.862	15.184	596.187	7753.643	19469.353	0.355	0.005
joyce2023	219	8232.839	4054.008	15348.931	13.566	606.878	5730.395	16624.033	0.160	0.012
joyce2023	220	7110.688	2618.360	14522.813	13.566	524.159	5998.765	16557.453	0.360	0.008
joyce2023	221	7035.261	2529.343	13541.606	11.875	592.443	5585.631	15598.796	0.313	0.007
joyce2023	222	10860.522	5275.058	18362.873	16.875	643.586	8063.291	20308.733	0.204	0.009
joyce2023	223	11442.646	6467.235	18889.152	16.250	704.163	7908.917	20075.504	0.093	0.013
joyce2023	224	7567.857	7465.668	9081.576	0.625	12108.572	333.585	2779.877	0.000	1.000
joyce2023	225	8617.420	7434.682	8783.494	0.625	13787.872	333.585	2891.072	0.000	1.000
joyce2023	226	2157.947	317.559	5444.004	3.125	690.543	778.365	5893.339	0.125	0.014
joyce2023	227	9103.545	3888.486	16996.916	15.625	582.627	7802.891	19519.715	0.354	0.007
joyce2023	228	8574.743	4258.422	16775.812	15.625	548.784	7691.957	19488.213	0.391	0.006
joyce2023	229	9278.237	5292.891	17331.134	15.625	593.807	7716.316	19029.411	0.280	0.010
joyce2023	230	6153.408	2428.801	11921.661	9.375	656.364	4580.736	13809.640	0.252	0.006
joyce2023	231	7799.659	3417.509	14883.068	12.500	623.973	6825.983	17456.561	0.376	0.005
joyce2023	232	6131.846	3664.286	12034.446	9.375	654.064	3389.687	12645.979	0.013	0.016
joyce2023	233	5894.705	3246.689	11363.854	9.375	628.769	3583.573	12416.342	0.041	0.014
joyce2023	234	1002.664	125.116	2819.262	0.625	1604.262	333.585	2779.877	0.103	0.028
joyce2023	235	12546.164	6338.296	21526.920	21.250	590.408	10682.322	24794.356	0.330	0.006
joyce2023	236	991.409	123.048	2792.767	0.625	1586.254	333.585	2779.877	0.104	0.026
joyce2023	237	2547.249	750.658	5421.503	1.875	1358.533	1544.060	5617.993	0.177	0.019
joyce2023	238	9701.167	4573.215	18778.072	18.750	517.396	8983.941	21986.495	0.429	0.005
joyce2023	239	1022.276	148.676	2773.506	0.625	1635.642	333.585	2779.877	0.088	0.025
joyce2023	240	9056.269	3797.935	18094.123	18.125	499.656	8568.265	21704.014	0.455	0.004
joyce2023	241	1538.143	238.283	4461.495	1.875	820.343	667.170	4558.998	0.145	0.022
joyce2023	242	11109.404	7361.691	18756.997	16.250	683.656	8145.264	20467.830	0.077	0.010
joyce2023	243	8431.012	3874.991	17002.045	16.250	518.831	8129.875	19936.961	0.465	0.005
joyce2023	244	2118.354	593.169	4581.766	1.250	1694.684	1246.100	4704.292	0.173	0.020
joyce2023	245	1975.992	258.541	5543.304	3.125	632.317	889.561	6226.924	0.178	0.009
joyce2023	246	3062.576	998.123	6813.735	3.125	980.024	1927.489	7291.299	0.183	0.015
joyce2023	247	7585.553	3875.128	14840.341	13.125	577.947	5657.418	16455.447	0.187	0.009
joyce2023	248	1043.041	153.907	2680.996	0.625	1668.866	333.585	2779.877	0.082	0.020
joyce2023	249	5814.245	2547.194	13694.389	12.500	465.140	5365.573	16125.206	0.426	0.006
joyce2023	250	1316.402	222.623	3470.920	1.250	1053.121	555.975	3891.827	0.133	0.012
joyce2023	251	5325.569	2211.676	12826.774	11.250	473.384	5314.377	15183.503	0.498	0.006
joyce2023	252	2912.524	987.532	6269.700	3.125	932.008	1915.263	7528.911	0.194	0.006
joyce2023	253	4682.557	2391.157	10477.486	8.125	576.315	3037.169	11643.501	0.106	0.010
joyce2023	254	1492.357	237.637	3970.003	1.875	795.924	555.975	4781.388	0.105	0.008
joyce2023	255	3106.598	1155.886	7136.407	6.250	497.056	2808.567	9912.340	0.401	0.003
joyce2023	256	3857.682	1780.030	7549.423	6.250	617.229	2446.336	10025.005	0.094	0.005
joyce2023	257	3393.415	1076.949	7918.660	5.625	603.274	2346.632	9214.808	0.235	0.007
joyce2023	258	2707.861	874.261	5741.270	2.500	1083.144	1669.508	6494.746	0.169	0.009
joyce2023	259	4200.639	1937.328	9984.260	8.125	517.002	3122.077	11569.018	0.199	0.010
joyce2023	260	1495.939	235.054	4060.187	1.875	797.834	555.975	4781.388	0.106	0.008
joyce2023	261	3083.079	1171.180	7637.575	6.250	493.293	2641.099	9667.617	0.359	0.006
joyce2023	262	3131.776	1112.169	7506.245	6.250	501.084	2485.031	9907.908	0.306	0.003
joyce2023	263	3266.941	920.272	7175.673	5.000	653.388	1971.252	8906.961	0.181	0.003
joyce2023	264	3974.916	2087.046	7963.360	5.625	706.652	2073.876	8909.001	0.024	0.007
joyce2023	265	2713.548	631.175	6034.129	1.875	1447.226	1416.407	5691.067	0.161	0.039
joyce2023	266	2406.557	1335.776	4265.346	3.750	641.748	778.365	6560.509	0.019	0.001
joyce2023	267	2428.653	1337.228	4291.172	3.750	647.641	889.561	6894.094	0.021	0.000
joyce2023	268	1529.960	206.503	4364.889	1.250	1223.968	444.780	4003.022	0.097	0.046
joyce2023	269	996.324	121.357	2929.465	0.625	1594.119	444.780	2779.877	0.173	0.035
joyce2023	270	3073.353	869.854	6696.597	3.125	983.473	1778.916	6995.875	0.171	0.017
joyce2023	271	7043.681	2598.874	14894.114	14.375	489.995	5756.349	17190.789	0.347	0.007
joyce2023	272	7096.215	2683.248	14947.863	14.375	493.650	6096.856	17370.384	0.379	0.007
joyce2023	273	3073.473	865.558	6703.124	3.125	983.511	1707.658	7235.239	0.159	0.012
joyce2023	274	7119.630	2670.818	14926.349	14.375	495.279	6156.976	17512.495	0.382	0.005
joyce2023	275	1582.322	222.602	4601.914	1.875	843.905	667.170	4670.193	0.155	0.023
joyce2023	276	6323.075	2477.891	13908.581	12.500	505.846	5652.900	16199.289	0.412	0.006
joyce2023	277	7369.767	3615.887	14363.983	12.500	589.581	5822.406	16308.407	0.262	0.007
joyce2023	278	3896.125	546.150	7131.397	2.500	1558.450	667.170	5226.168	0.035	0.228
joyce2023	279	12307.522	8938.030	19781.111	15.625	787.681	7481.620	19012.421	0.003	0.034
joyce2023	280	2224.404	677.919	4549.514	1.250	1779.523	1347.052	4746.209	0.167	0.018
joyce2023	281	2156.277	210.176	4829.942	2.500	862.511	667.170	5559.753	0.150	0.012
joyce2023	282	4215.154	960.361	9565.631	4.898	860.542	2359.383	9339.098	0.152	0.030
joyce2023	283	7876.467	2981.506	12251.806	6.977	1128.960	2717.901	10686.436	0.017	0.104
joyce2023	284	7811.341	2938.600	12166.650	6.977	1119.626	2943.537	10689.186	0.025	0.096
joyce2023	285	10218.817	5909.076	15625.561	11.250	908.339	5114.561	15069.925	0.009	0.037
joyce2023	286	4093.801	3884.765	6969.113	0.625	6550.082	333.585	2779.877	0.000	0.999
joyce2023	287	5602.717	2916.579	7484.974	0.625	8964.348	333.585	2891.072	0.000	0.979
joyce2023	288	7484.420	3199.558	11696.820	6.250	1197.507	2669.454	9819.336	0.013	0.141
joyce2023	289	4354.417	1661.916	9581.598	8.125	535.928	3041.979	11811.228	0.204	0.007
joyce2023	290	893.888	138.740	2239.723	0.373	2396.077	222.390	2223.901	0.044	0.027
joyce2023	291	6821.391	3590.399	11083.058	7.752	879.960	3070.788	11156.435	0.010	0.023
joyce2023	292	3986.538	1446.060	8192.905	5.426	734.662	2471.778	9462.792	0.149	0.009
joyce2023	293	1493.785	266.790	3440.163	2.326	642.328	555.975	5226.168	0.093	0.001
joyce2023	294	921.227	167.073	2211.944	0.388	2376.766	333.585	2223.901	0.087	0.024
joyce2023	295	1542.932	265.036	3503.238	1.938	796.153	778.365	4670.193	0.168	0.002
joyce2023	296	1501.948	264.676	3602.198	1.938	775.005	555.975	4781.388	0.096	0.002
