tree	node	distance	d-025	d-975	brLen	speed
joyce2023	--	2592411.091	2381834.183	2841345.083	4417.948	586.791
joyce2023	1	12497.492	7210.311	19365.165	25.000	499.900
joyce2023	2	20810.846	13528.108	29733.550	40.625	512.267
joyce2023	3	4196.357	1506.801	8257.996	7.500	559.514
joyce2023	4	18839.788	12713.648	26440.719	31.250	602.873
joyce2023	5	7354.583	3702.804	12301.927	11.875	619.333
joyce2023	6	11710.890	6977.995	17641.085	19.375	604.433
joyce2023	7	11587.432	6826.514	17116.739	19.375	598.061
joyce2023	8	5716.212	2502.883	10215.688	9.375	609.729
joyce2023	9	17398.495	11490.086	24701.019	29.375	592.289
joyce2023	10	7180.754	3267.473	11798.953	10.625	675.836
joyce2023	11	10250.935	5641.651	16410.229	18.750	546.717
joyce2023	12	5319.246	2282.910	9666.268	9.060	587.108
joyce2023	13	5061.532	2473.680	9187.853	9.690	522.350
joyce2023	14	1791.213	334.050	4506.995	3.876	462.133
joyce2023	15	3239.647	1143.632	6409.755	5.814	557.219
joyce2023	16	3910.266	1994.639	6781.839	5.814	672.566
joyce2023	17	6054.586	2711.738	10720.848	11.250	538.185
joyce2023	18	16558.535	10232.462	24270.466	31.250	529.873
joyce2023	19	20079.830	12521.993	29019.375	36.875	544.538
joyce2023	20	22188.631	14751.714	30893.024	36.875	601.726
joyce2023	21	10769.781	5924.403	17196.366	20.625	522.171
joyce2023	22	2972.701	1075.093	5799.759	3.750	792.720
joyce2023	23	23560.520	16486.992	32418.627	43.750	538.526
joyce2023	24	7969.675	4001.457	13536.150	14.375	554.412
joyce2023	25	17228.318	11556.213	24278.951	29.375	586.496
joyce2023	26	8975.578	4702.086	14625.089	16.250	552.343
joyce2023	27	7724.981	3853.677	12723.402	13.125	588.570
joyce2023	28	9162.145	5008.074	13739.618	13.125	698.068
joyce2023	29	914.138	165.398	2158.253	0.625	1462.621
joyce2023	30	27526.874	20284.778	36772.275	46.875	587.240
joyce2023	31	4591.317	2061.461	8379.045	7.500	612.176
joyce2023	32	4117.594	1482.926	8329.023	8.750	470.582
joyce2023	33	15632.498	9593.513	23500.748	30.625	510.449
joyce2023	34	17130.549	11261.281	24854.603	30.625	559.365
joyce2023	35	3302.153	1202.291	6455.885	5.625	587.049
joyce2023	36	3840.684	1418.142	7492.871	6.875	558.645
joyce2023	37	16290.405	11104.596	23269.975	26.875	606.155
joyce2023	38	17613.965	12687.628	24438.839	26.875	655.403
joyce2023	39	5218.834	2350.378	9481.861	9.375	556.676
joyce2023	40	14717.434	9837.344	21281.371	24.375	603.792
joyce2023	41	3736.304	1349.711	7325.148	6.250	597.809
joyce2023	42	11376.702	6558.260	16972.650	18.125	627.680
joyce2023	43	5708.125	2437.990	10356.386	8.750	652.357
joyce2023	44	6553.507	1824.475	10860.414	9.375	699.041
joyce2023	45	4567.448	1497.318	9403.581	9.375	487.194
joyce2023	46	3780.080	1377.103	7462.851	6.875	549.830
joyce2023	47	3713.539	1336.045	7339.016	6.875	540.151
joyce2023	48	45547.115	33753.933	59237.646	90.625	502.589
joyce2023	49	7022.656	3521.972	11914.619	12.500	561.812
joyce2023	50	25748.056	17517.593	35829.837	50.000	514.961
joyce2023	51	17010.089	11044.672	24150.987	28.125	604.803
joyce2023	52	4125.299	1510.008	7959.391	6.875	600.043
joyce2023	53	11263.251	6510.794	17732.900	21.250	530.035
joyce2023	54	6040.923	2705.620	10686.066	10.625	568.558
joyce2023	55	6698.716	3369.784	11510.012	10.625	630.467
joyce2023	56	9685.812	4724.462	13470.586	10.625	911.606
joyce2023	57	8619.691	4391.431	14305.645	16.875	510.797
joyce2023	58	31130.911	21714.464	42260.771	61.250	508.260
joyce2023	59	3013.400	1101.621	5844.125	3.750	803.573
joyce2023	60	29290.156	20163.949	40164.887	57.500	509.394
joyce2023	61	10943.199	6017.989	17435.001	20.625	530.579
joyce2023	62	19440.445	12478.441	28093.822	36.875	527.199
joyce2023	63	10143.860	5552.879	16020.477	17.500	579.649
joyce2023	64	10342.940	5517.068	16423.675	19.375	533.829
joyce2023	65	11409.215	5985.687	17344.291	19.375	588.863
joyce2023	66	3194.462	1173.382	6170.299	4.375	730.163
joyce2023	67	34967.095	25023.325	46626.606	68.750	508.612
joyce2023	68	12615.987	7253.369	19400.788	24.375	517.579
joyce2023	69	14132.709	8277.496	20744.273	24.375	579.803
joyce2023	70	2733.850	975.127	5399.364	3.750	729.027
joyce2023	71	15009.881	9079.445	22571.004	30.000	500.329
joyce2023	72	29803.964	20544.768	40836.833	59.375	501.962
joyce2023	73	30209.243	21089.843	41026.274	59.375	508.787
joyce2023	74	3719.709	1335.116	7330.473	6.875	541.049
joyce2023	75	24510.066	16405.691	34453.604	48.125	509.300
joyce2023	76	7928.877	4040.763	13415.343	14.995	528.763
joyce2023	77	10145.688	5789.306	16231.649	19.380	523.518
joyce2023	78	10212.476	5663.221	16340.330	19.380	526.964
joyce2023	79	5843.915	2627.021	10493.275	10.625	550.016
joyce2023	80	12103.644	7058.812	18988.240	23.750	509.627
joyce2023	81	8175.491	4246.469	13589.978	15.000	545.033
joyce2023	82	4384.571	1596.427	8379.131	8.750	501.094
joyce2023	83	4176.282	1492.213	8195.599	8.750	477.289
joyce2023	84	3520.995	1289.008	6886.902	5.625	625.955
joyce2023	85	17197.506	10718.951	25381.546	33.125	519.170
joyce2023	86	3694.169	1341.619	7321.045	6.250	591.067
joyce2023	87	5351.672	2439.443	9567.337	8.750	611.620
joyce2023	88	15338.691	9525.826	22834.609	28.750	533.520
joyce2023	89	13966.768	8533.159	20785.234	25.000	558.671
joyce2023	90	5329.480	2454.752	8540.196	3.750	1421.195
joyce2023	91	5898.585	2726.558	8597.740	3.750	1572.956
joyce2023	92	3013.170	1114.555	5804.602	3.750	803.512
joyce2023	93	17499.986	11108.567	25734.358	33.750	518.518
joyce2023	94	6124.603	2819.677	10816.396	11.250	544.409
joyce2023	95	11656.018	6668.649	18375.767	22.500	518.045
joyce2023	96	3797.128	1397.912	7269.880	6.250	607.540
joyce2023	97	8719.951	4628.941	14314.359	16.250	536.612
joyce2023	98	9301.324	5374.035	14739.883	16.250	572.389
joyce2023	99	1656.546	309.413	4106.248	2.500	662.618
joyce2023	100	18773.246	12136.447	27022.515	35.000	536.378
joyce2023	101	7466.293	4173.190	11021.718	6.250	1194.607
joyce2023	102	4356.123	1730.588	7251.019	3.125	1393.959
joyce2023	103	2199.176	480.224	4449.815	3.125	703.736
joyce2023	104	2388.188	541.417	4790.489	3.125	764.220
joyce2023	105	3323.105	1193.064	6633.806	4.375	759.567
joyce2023	106	20364.569	13584.328	28541.730	36.875	552.259
joyce2023	107	3837.411	1370.921	7680.876	5.625	682.206
joyce2023	108	2309.009	844.849	4385.031	1.875	1231.472
joyce2023	109	15513.980	9340.809	22878.960	29.375	528.135
joyce2023	110	15649.541	9452.156	23027.103	29.375	532.750
joyce2023	111	7593.383	3781.323	12534.165	11.875	639.443
joyce2023	112	10205.489	5377.847	16374.933	19.375	526.735
joyce2023	113	9906.798	5099.990	16059.770	19.375	511.319
joyce2023	114	2443.086	878.581	4729.803	2.500	977.235
joyce2023	115	1224.251	224.452	2902.862	1.250	979.401
joyce2023	116	13522.463	7868.220	20853.349	26.875	503.161
joyce2023	117	11922.575	6878.128	18656.689	21.875	545.032
joyce2023	118	12854.025	7778.235	19733.546	24.375	527.345
joyce2023	119	13008.175	7929.908	19846.358	24.375	533.669
joyce2023	120	7187.043	3614.239	12202.923	11.875	605.225
joyce2023	121	5428.320	1931.628	9616.975	8.125	668.101
joyce2023	122	2329.610	851.352	4434.083	1.875	1242.459
joyce2023	123	15865.391	10469.880	22476.359	24.375	650.888
joyce2023	124	12379.342	6936.012	19451.504	24.375	507.870
joyce2023	125	6427.072	2866.388	11165.357	10.746	598.083
joyce2023	126	8211.912	4333.178	13944.963	15.504	529.668
joyce2023	127	8631.979	4724.105	14276.882	15.504	556.763
joyce2023	128	1286.655	226.325	3048.671	1.250	1029.324
joyce2023	129	9788.084	5437.176	14905.553	14.375	680.910
joyce2023	130	9681.655	5384.252	16460.849	18.750	516.355
joyce2023	131	11552.542	6862.079	17927.754	18.750	616.136
joyce2023	132	3551.377	1289.789	6838.520	5.000	710.275
joyce2023	133	17510.213	12327.887	24224.006	28.125	622.585
joyce2023	134	3295.160	1202.066	6322.660	4.375	753.180
joyce2023	135	3037.524	1079.145	5945.740	4.375	694.291
joyce2023	136	10535.137	6242.513	16571.492	19.375	543.749
joyce2023	137	9980.885	5491.950	16054.033	19.375	515.142
joyce2023	138	8967.929	4704.382	14578.117	15.625	573.947
joyce2023	139	6243.852	2935.848	10561.460	8.125	768.474
joyce2023	140	8874.677	4205.953	12813.938	8.125	1092.268
joyce2023	141	912.355	169.414	2156.277	0.625	1459.768
joyce2023	142	38362.956	27827.442	50545.473	72.500	529.144
joyce2023	143	3006.154	1076.941	5843.761	3.750	801.641
joyce2023	144	20115.328	12903.073	28595.764	38.125	527.615
joyce2023	145	16340.170	9706.975	24062.289	30.625	533.557
joyce2023	146	4947.174	2193.711	9013.263	7.369	671.332
joyce2023	147	12291.790	6750.802	19129.561	23.256	528.547
joyce2023	148	12459.059	6949.626	19222.226	23.256	535.740
joyce2023	149	913.382	167.216	2172.409	0.625	1461.412
joyce2023	150	16825.377	10531.244	24674.138	31.875	527.855
joyce2023	151	19570.862	12357.984	29056.591	36.250	539.886
joyce2023	152	5637.721	2459.172	10562.707	9.375	601.357
joyce2023	153	14242.416	8335.531	22380.122	26.875	529.950
joyce2023	154	4781.617	2066.081	9759.416	7.500	637.549
joyce2023	155	9694.172	5014.301	16488.482	19.375	500.344
joyce2023	156	11226.627	4860.883	17770.614	19.375	579.439
joyce2023	157	910.695	164.854	2170.244	0.625	1457.113
joyce2023	158	35615.379	25514.292	47457.790	67.500	527.635
joyce2023	159	1454.629	257.079	3562.595	1.875	775.802
joyce2023	160	36918.262	27298.006	48354.657	65.625	562.564
joyce2023	161	2507.272	894.532	4929.280	2.500	1002.909
joyce2023	162	23301.432	15530.574	32387.770	41.875	556.452
joyce2023	163	10580.289	5022.326	18621.691	21.250	497.896
joyce2023	164	10802.525	5142.204	18848.126	21.250	508.354
joyce2023	165	2877.484	995.307	5737.577	3.750	767.329
joyce2023	166	1808.154	333.722	4417.127	3.125	578.609
joyce2023	167	32061.088	22887.836	42871.445	56.250	569.975
joyce2023	168	3457.689	1203.607	6959.605	5.625	614.700
joyce2023	169	26957.809	17885.450	37665.738	50.625	532.500
joyce2023	170	3014.330	1040.900	6334.172	4.625	651.747
joyce2023	171	26553.074	18019.009	36261.862	46.000	577.241
joyce2023	172	24519.944	17339.396	33201.696	42.512	576.782
joyce2023	173	2306.402	445.771	4383.258	3.488	661.168
joyce2023	174	2316.875	445.265	4376.623	3.488	664.171
joyce2023	175	7179.506	3209.656	12486.613	13.125	547.010
joyce2023	176	24668.892	15898.827	35420.934	46.250	533.381
joyce2023	177	8054.047	3665.219	13510.188	11.875	678.236
joyce2023	178	16689.528	8895.352	26785.719	34.375	485.514
joyce2023	179	6110.552	2318.813	11583.489	10.000	611.055
joyce2023	180	2638.940	932.464	6155.949	4.995	528.300
joyce2023	181	8432.875	4112.587	16175.287	19.380	435.136
joyce2023	182	8205.696	4045.066	15797.755	19.380	423.414
joyce2023	183	2849.058	968.032	7973.280	5.000	569.812
joyce2023	184	3250.426	1161.561	7853.714	6.875	472.789
joyce2023	185	5228.191	2394.776	10073.931	12.500	418.255
joyce2023	186	5099.605	2363.059	10167.243	12.500	407.968
joyce2023	187	3272.351	1203.985	7401.741	7.747	422.397
joyce2023	188	5243.317	2363.000	10644.671	11.628	450.925
joyce2023	189	5243.563	2399.833	10363.418	11.628	450.946
joyce2023	190	18852.908	11813.919	27644.899	38.750	486.527
joyce2023	191	6650.825	2982.508	10802.600	8.125	818.563
joyce2023	192	5591.848	2448.926	9787.362	8.125	688.227
joyce2023	193	10182.097	5804.668	16438.461	19.375	525.528
joyce2023	194	1663.224	314.403	4034.411	2.500	665.290
joyce2023	195	9082.691	5141.482	15015.269	16.875	538.234
joyce2023	196	1233.371	225.910	2938.518	1.250	986.697
joyce2023	197	7904.138	4024.259	13572.455	15.625	505.865
joyce2023	198	8414.444	4622.592	14090.287	15.625	538.524
joyce2023	199	6285.682	2854.976	10693.000	9.375	670.473
joyce2023	200	3109.915	1128.531	6028.334	4.375	710.838
joyce2023	201	7392.084	3967.544	12641.867	13.750	537.606
joyce2023	202	7352.239	3952.036	12626.207	13.750	534.708
joyce2023	203	1457.760	258.797	3461.162	1.875	777.472
joyce2023	204	8535.442	4515.703	14281.281	16.250	525.258
joyce2023	205	2243.206	821.089	4260.606	1.875	1196.376
joyce2023	206	7454.955	4051.012	12813.873	14.375	518.606
joyce2023	207	7358.553	3965.553	12715.180	14.375	511.899
joyce2023	208	1941.069	715.050	3642.789	1.250	1552.855
joyce2023	209	1450.144	263.993	3379.632	1.875	773.410
joyce2023	210	19249.015	13532.100	26994.100	32.500	592.277
joyce2023	211	3017.456	1118.592	5730.548	3.750	804.655
joyce2023	212	9435.735	4841.857	14885.873	15.184	621.422
joyce2023	213	9174.904	4557.878	14447.174	13.566	676.321
joyce2023	214	8025.937	3085.561	13565.059	13.566	591.626
joyce2023	215	6407.682	2921.045	11266.520	11.875	539.594
joyce2023	216	12859.949	8104.096	17882.553	16.875	762.071
joyce2023	217	11562.552	6653.945	17513.017	16.250	711.542
joyce2023	218	8276.178	7518.212	9726.913	0.625	13241.885
joyce2023	219	7833.822	6675.820	8640.041	0.625	12534.116
joyce2023	220	1692.854	332.569	3965.177	3.125	541.713
joyce2023	221	8137.300	4198.492	13643.332	15.625	520.787
joyce2023	222	10252.305	6312.144	15255.176	15.625	656.147
joyce2023	223	8830.133	4973.161	14242.473	15.625	565.129
joyce2023	224	5414.025	2476.555	9589.772	9.375	577.496
joyce2023	225	7732.313	3858.116	12800.234	12.500	618.585
joyce2023	226	9169.550	4766.055	12792.146	9.375	978.085
joyce2023	227	4477.724	1824.353	8705.034	9.375	477.624
joyce2023	228	917.695	169.749	2152.769	0.625	1468.313
joyce2023	229	14481.336	10634.421	20296.626	21.250	681.475
joyce2023	230	900.278	161.896	2120.281	0.625	1440.445
joyce2023	231	2166.162	793.029	4136.211	1.875	1155.287
joyce2023	232	11101.237	6890.646	16820.877	18.750	592.066
joyce2023	233	913.681	164.351	2134.124	0.625	1461.890
joyce2023	234	11638.158	7945.725	17049.536	18.125	642.105
joyce2023	235	1428.424	258.797	3345.354	1.875	761.826
joyce2023	236	8150.523	4041.915	13823.482	16.250	501.571
joyce2023	237	10775.580	6953.561	15831.625	16.250	663.113
joyce2023	238	1927.920	712.688	3616.864	1.250	1542.336
joyce2023	239	3364.699	672.862	7249.882	3.125	1076.704
joyce2023	240	3164.883	1016.485	6071.346	3.125	1012.762
joyce2023	241	6322.945	2877.085	11440.961	13.125	481.748
joyce2023	242	912.276	151.861	2335.994	0.625	1459.642
joyce2023	243	5681.053	2457.973	11328.077	12.500	454.484
joyce2023	244	1214.097	222.487	3348.855	1.250	971.278
joyce2023	245	5073.153	2199.164	10469.102	11.250	450.947
joyce2023	246	2575.722	896.468	5610.325	3.125	824.231
joyce2023	247	4514.986	2543.068	8349.214	8.125	555.691
joyce2023	248	1199.746	223.046	3056.218	1.875	639.864
joyce2023	249	2712.027	1008.310	5691.085	6.250	433.924
joyce2023	250	3329.962	1598.637	5836.043	6.250	532.794
joyce2023	251	4795.985	1380.554	8801.890	5.625	852.619
joyce2023	252	2116.652	754.433	4376.206	2.500	846.661
joyce2023	253	3611.366	1726.116	7013.776	8.125	444.476
joyce2023	254	1171.180	222.645	2931.258	1.875	624.629
joyce2023	255	2597.147	1003.309	5180.356	6.250	415.544
joyce2023	256	2706.303	1025.163	5461.634	6.250	433.009
joyce2023	257	2364.659	834.894	5620.505	5.000	472.932
joyce2023	258	3622.056	2162.004	5855.001	5.625	643.921
joyce2023	259	1889.878	684.368	3736.477	1.875	1007.935
joyce2023	260	2383.409	1483.026	3893.335	3.750	635.576
joyce2023	261	2326.969	1466.979	3801.382	3.750	620.525
joyce2023	262	1379.973	246.436	3177.234	1.250	1103.978
joyce2023	263	1001.276	197.391	2337.712	0.625	1602.042
joyce2023	264	2744.745	965.959	5356.737	3.125	878.318
joyce2023	265	9158.522	5180.384	13924.766	14.375	637.115
joyce2023	266	8874.095	4947.906	13739.269	14.375	617.328
joyce2023	267	2975.343	1049.379	5905.820	3.125	952.110
joyce2023	268	8706.186	4628.515	13667.751	14.375	605.648
joyce2023	269	1665.948	284.712	4096.674	1.875	888.505
joyce2023	270	7717.299	3382.975	12660.325	12.500	617.384
joyce2023	271	9410.530	4846.628	13960.015	12.500	752.842
joyce2023	272	3566.675	910.600	6833.066	2.500	1426.670
joyce2023	273	14107.353	9737.371	18535.881	15.625	902.871
joyce2023	274	2181.895	817.183	4026.144	1.250	1745.516
joyce2023	275	2131.661	419.296	4643.131	2.500	852.664
joyce2023	276	4413.205	1644.195	7945.543	4.898	900.975
joyce2023	277	5042.048	2467.720	8652.131	6.977	722.694
joyce2023	278	5110.303	2514.463	8760.244	6.977	732.477
joyce2023	279	9035.267	5514.463	13256.536	11.250	803.135
joyce2023	280	5965.779	4500.984	6425.545	0.625	9545.247
joyce2023	281	3503.134	2916.579	4972.449	0.625	5605.014
joyce2023	282	8727.683	5477.284	12401.937	6.250	1396.429
joyce2023	283	5635.755	1395.517	9453.833	8.125	693.631
joyce2023	284	737.902	124.296	1726.697	0.373	1977.955
joyce2023	285	4835.216	2246.129	8174.326	7.752	623.743
joyce2023	286	4880.925	1304.836	8247.961	5.426	899.485
joyce2023	287	1173.084	222.390	2765.385	2.326	504.426
joyce2023	288	692.725	124.296	1640.144	0.388	1787.229
joyce2023	289	1197.240	222.587	2695.799	1.938	617.776
joyce2023	290	1192.206	222.587	2766.833	1.938	615.179
