tree	node	distance	d-025	d-975	brLen	speed	x-005	x-095	slower	faster
joyce2023	--	2494422.478	2404183.825	2586571.950	4435.635	562.360	2856327.935	3008253.409	1.000	0.000
joyce2023	1	14308.244	7839.922	21788.505	25.000	572.330	10383.969	22451.555	0.134	0.017
joyce2023	2	19845.372	12622.660	29719.549	40.625	488.501	18415.708	32921.965	0.365	0.007
joyce2023	3	3998.790	1136.520	8296.758	7.500	533.172	2446.361	8763.176	0.182	0.017
joyce2023	4	17827.316	11326.901	26156.366	31.250	570.474	13386.743	26515.878	0.091	0.020
joyce2023	5	6994.684	2993.089	12803.822	11.875	589.026	4800.764	12853.984	0.177	0.024
joyce2023	6	11433.547	5724.583	18143.396	19.375	590.119	7045.249	17527.498	0.062	0.035
joyce2023	7	12744.861	7293.119	19341.484	19.375	657.799	7240.723	17373.367	0.025	0.072
joyce2023	8	5318.915	2013.727	10295.954	9.375	567.351	3309.369	10277.586	0.150	0.025
joyce2023	9	16649.945	10124.958	24933.332	29.375	566.807	11758.570	25008.743	0.073	0.024
joyce2023	10	6152.884	2181.230	12103.192	10.625	579.095	3875.474	11698.374	0.184	0.034
joyce2023	11	10567.014	4561.246	16738.654	18.750	563.574	7189.927	16995.403	0.135	0.022
joyce2023	12	5043.824	1854.698	10529.895	9.060	556.709	3340.603	10334.851	0.175	0.030
joyce2023	13	5781.639	2103.827	10548.673	9.690	596.665	2557.037	9873.827	0.059	0.045
joyce2023	14	1667.660	170.403	5855.420	3.876	430.256	667.170	5114.973	0.162	0.053
joyce2023	15	3951.498	1146.791	8395.188	5.814	679.658	1898.048	7332.963	0.106	0.094
joyce2023	16	4313.707	1145.263	8038.217	5.814	741.958	1860.446	7389.387	0.056	0.074
joyce2023	17	5970.986	2500.879	11442.916	11.250	530.754	4275.834	11836.936	0.206	0.018
joyce2023	18	16189.816	9431.462	24702.800	31.250	518.074	13447.244	27041.874	0.231	0.008
joyce2023	19	18803.474	12102.680	28331.780	36.875	509.925	16643.348	30204.601	0.297	0.010
joyce2023	20	16392.133	10057.723	26581.520	36.875	444.532	16291.150	31099.587	0.489	0.003
joyce2023	21	10831.601	5738.527	17782.174	20.625	525.169	8689.586	18889.324	0.234	0.014
joyce2023	22	2978.606	1027.835	6114.095	3.750	794.295	1522.932	6066.234	0.090	0.027
joyce2023	23	25440.941	17289.533	34871.301	43.750	581.507	19277.616	35126.397	0.070	0.023
joyce2023	24	7823.479	3625.196	14005.082	14.375	544.242	5472.614	14628.359	0.157	0.016
joyce2023	25	16973.453	10331.548	24887.744	29.375	577.820	12218.354	24129.762	0.081	0.036
joyce2023	26	8956.758	4039.096	15745.513	16.250	551.185	6071.320	15816.301	0.154	0.024
joyce2023	27	9206.967	3957.052	14412.945	13.125	701.483	4571.957	13240.255	0.045	0.068
joyce2023	28	10550.785	4489.711	15552.163	13.125	803.869	4410.068	12934.890	0.022	0.181
joyce2023	29	911.227	155.315	2199.111	0.625	1457.962	333.585	2223.901	0.092	0.024
joyce2023	30	24163.716	16643.471	34007.658	46.875	515.493	21471.668	37469.846	0.259	0.005
joyce2023	31	4838.262	2047.760	9349.896	7.500	645.102	2999.639	9460.042	0.121	0.022
joyce2023	32	4234.975	1303.588	8521.215	8.750	483.997	2415.663	9388.423	0.142	0.011
joyce2023	33	15930.274	10452.410	24085.860	30.625	520.172	13011.940	26134.962	0.188	0.009
joyce2023	34	13939.077	7992.621	22813.773	30.625	455.154	12973.276	26171.757	0.409	0.004
joyce2023	35	3362.348	1068.965	6886.623	5.625	597.751	1924.541	7194.522	0.149	0.016
joyce2023	36	3593.395	1175.787	7583.746	6.875	522.676	2235.130	8250.940	0.183	0.011
joyce2023	37	11882.050	5937.056	20310.939	26.875	442.123	11436.717	23738.706	0.460	0.003
joyce2023	38	12924.135	7139.421	21076.944	26.875	480.898	11290.715	23368.458	0.335	0.007
joyce2023	39	4770.279	1945.123	9371.877	9.375	508.830	3302.497	10277.570	0.190	0.011
joyce2023	40	10461.314	4786.815	18364.999	24.375	429.182	9426.332	20966.185	0.402	0.005
joyce2023	41	3113.255	1012.040	7133.513	6.250	498.121	1977.909	7998.570	0.196	0.009
joyce2023	42	8241.426	3821.341	14926.743	18.125	454.699	6632.605	16872.063	0.297	0.006
joyce2023	43	4455.033	1818.708	9177.304	8.750	509.147	3384.464	10541.496	0.259	0.007
joyce2023	44	3450.942	1156.129	9203.847	9.375	368.101	2603.605	9684.753	0.287	0.017
joyce2023	45	3678.259	1146.078	9206.809	9.375	392.348	2540.247	9920.399	0.244	0.016
joyce2023	46	4491.718	1446.980	8898.725	6.875	653.341	2279.620	8536.819	0.101	0.035
joyce2023	47	4815.205	1523.871	9548.775	6.875	700.393	2356.035	8253.920	0.098	0.077
joyce2023	48	49861.352	38029.091	63162.511	90.625	550.194	44760.240	67196.137	0.210	0.006
joyce2023	49	8937.850	4180.434	14704.202	12.500	715.028	5321.209	13310.058	0.081	0.068
joyce2023	50	27772.268	18716.502	38292.547	50.000	555.445	23475.335	40546.132	0.193	0.010
joyce2023	51	15591.706	9160.638	23725.346	28.125	554.372	11526.750	24052.524	0.126	0.021
joyce2023	52	4579.229	1666.439	8815.904	6.875	666.070	2185.690	8399.274	0.069	0.035
joyce2023	53	13152.504	7487.333	19797.641	21.250	618.941	8702.055	19415.348	0.069	0.031
joyce2023	54	6365.817	2832.240	11210.848	10.625	599.136	3867.189	11339.193	0.098	0.022
joyce2023	55	8442.451	4029.570	12962.863	10.625	794.584	3812.046	10896.057	0.019	0.153
joyce2023	56	7906.340	3632.213	12851.052	10.625	744.126	3633.047	11404.934	0.025	0.085
joyce2023	57	7301.273	3120.028	12667.985	11.125	656.294	4367.553	12169.337	0.102	0.036
joyce2023	58	6588.995	2829.732	11851.283	11.000	599.000	4203.173	11877.214	0.124	0.024
joyce2023	59	4046.785	1403.096	7882.270	5.750	703.789	2114.217	7811.397	0.096	0.027
joyce2023	60	33917.636	24136.532	45131.000	61.250	553.757	29969.423	46845.463	0.222	0.011
joyce2023	61	3266.699	1139.373	6258.428	3.750	871.120	1589.538	6221.961	0.072	0.027
joyce2023	62	31721.570	22434.470	42598.938	57.500	551.679	26649.691	44367.886	0.147	0.012
joyce2023	63	11823.278	6409.157	18685.448	20.625	573.250	8812.414	19047.623	0.154	0.018
joyce2023	64	21091.624	13975.717	29745.273	36.875	571.976	16535.792	30101.388	0.113	0.021
joyce2023	65	10491.422	5688.969	16896.934	17.500	599.510	7437.894	17557.287	0.121	0.016
joyce2023	66	11393.029	6324.205	17468.021	19.375	588.027	7068.284	17572.651	0.049	0.024
joyce2023	67	10010.188	4929.517	16855.995	19.375	516.655	7409.693	17464.252	0.187	0.018
joyce2023	68	3479.130	1156.023	6898.529	4.375	795.230	1750.166	6537.318	0.093	0.036
joyce2023	69	38596.150	27857.288	50716.084	68.750	561.399	33486.747	52685.224	0.187	0.011
joyce2023	70	14386.292	8216.388	21574.849	24.375	590.207	9256.043	21124.134	0.057	0.032
joyce2023	71	13784.968	7106.968	21579.048	24.375	565.537	9282.460	21500.094	0.106	0.026
joyce2023	72	2980.606	930.901	6293.472	3.750	794.828	1452.465	5957.276	0.092	0.037
joyce2023	73	18664.717	11448.522	26979.984	30.000	622.157	13207.958	25733.604	0.076	0.048
joyce2023	74	32933.602	24020.501	43649.376	59.375	554.671	27882.498	45485.155	0.145	0.011
joyce2023	75	2238.115	391.769	6048.419	3.688	606.946	667.170	5337.363	0.069	0.054
joyce2023	76	2862.790	1031.497	6108.555	3.688	776.350	1552.834	6056.927	0.097	0.027
joyce2023	77	31230.414	22398.736	41678.638	55.688	560.816	26281.588	43544.687	0.147	0.013
joyce2023	78	5146.740	1545.369	9696.333	6.875	748.617	2136.775	8122.066	0.068	0.110
joyce2023	79	24915.277	16326.263	36037.217	48.125	517.720	22680.431	38804.108	0.323	0.008
joyce2023	80	7125.730	3264.949	13256.154	14.995	475.202	5771.039	14650.017	0.298	0.010
joyce2023	81	9437.602	5724.263	16181.974	19.380	486.980	6901.406	16764.358	0.102	0.016
joyce2023	82	9043.379	5157.343	15986.029	19.380	466.638	7103.198	17648.639	0.198	0.009
joyce2023	83	5443.317	2199.679	10783.738	10.625	512.312	3695.571	11421.468	0.188	0.015
joyce2023	84	11981.211	7564.401	19291.057	23.750	504.472	9001.652	20308.073	0.114	0.013
joyce2023	85	8183.950	3875.338	14120.966	15.000	545.597	5923.019	14868.883	0.176	0.014
joyce2023	86	4598.130	1576.143	8727.229	8.750	525.501	2463.218	9455.688	0.106	0.011
joyce2023	87	4616.867	1666.823	8721.110	8.750	527.642	2578.461	9346.369	0.108	0.014
joyce2023	88	3684.160	1184.467	7802.419	5.625	654.962	2032.175	7528.911	0.123	0.032
joyce2023	89	18069.508	10998.850	26866.224	33.125	545.495	15009.618	28711.112	0.216	0.011
joyce2023	90	4512.272	1467.547	9270.787	6.250	721.964	2114.392	7940.926	0.077	0.073
joyce2023	91	5602.415	2274.672	10122.831	8.750	640.276	3446.229	10562.470	0.126	0.018
joyce2023	92	14852.061	8068.815	23301.659	28.750	516.593	11553.963	24293.650	0.200	0.015
joyce2023	93	15320.994	9005.049	23118.827	25.000	612.840	10829.464	22540.966	0.089	0.034
joyce2023	94	5739.286	2427.973	9710.946	3.750	1530.476	555.975	5003.778	0.000	0.609
joyce2023	95	6163.910	2133.048	8855.488	3.750	1643.709	667.170	5226.168	0.004	0.697
joyce2023	96	3274.380	1025.455	6452.064	3.750	873.168	1642.293	6244.902	0.107	0.034
joyce2023	97	17210.452	10056.493	26254.364	33.750	509.939	14325.817	27793.973	0.246	0.011
joyce2023	98	6294.036	2473.142	11746.530	11.250	559.470	4152.532	11728.606	0.178	0.025
joyce2023	99	11689.164	6661.516	18712.926	22.500	519.518	8999.941	20103.391	0.157	0.010
joyce2023	100	3802.187	1244.926	7901.539	6.250	608.350	2158.073	7916.786	0.145	0.025
joyce2023	101	8899.385	4619.300	14641.621	16.250	547.654	6105.245	15637.053	0.113	0.013
joyce2023	102	10124.487	5637.135	15819.237	16.250	623.045	5902.906	15343.707	0.034	0.034
joyce2023	103	1842.728	323.151	5338.602	2.500	737.091	555.975	4225.413	0.074	0.084
joyce2023	104	19098.196	11574.307	28320.898	35.000	545.663	15816.376	29917.521	0.222	0.012
joyce2023	105	8708.781	3690.798	11831.506	6.250	1393.405	2001.605	7942.893	0.003	0.646
joyce2023	106	4765.854	1565.458	8112.103	3.125	1525.073	1556.731	5858.425	0.025	0.285
joyce2023	107	2288.239	444.932	4561.491	3.125	732.236	667.170	4558.998	0.056	0.025
joyce2023	108	2668.469	522.510	4745.511	3.125	853.910	667.170	4670.193	0.039	0.027
joyce2023	109	3984.508	1223.427	8245.868	4.375	910.745	1719.425	6821.374	0.077	0.110
joyce2023	110	18724.687	11130.355	28649.531	36.875	507.788	16350.875	30099.834	0.289	0.013
joyce2023	111	3841.028	1223.971	8446.278	5.625	682.849	1983.228	7533.094	0.112	0.057
joyce2023	112	2272.187	752.667	4322.738	1.875	1211.833	1116.627	4335.763	0.082	0.025
joyce2023	113	13981.298	8007.995	22209.395	29.375	475.959	12461.944	24487.574	0.330	0.008
joyce2023	114	14115.485	8296.488	22417.557	29.375	480.527	11964.998	24777.589	0.261	0.008
joyce2023	115	6740.863	3178.065	12079.253	11.875	567.652	4943.364	12850.408	0.184	0.015
joyce2023	116	8926.421	4544.358	15932.481	19.375	460.718	7437.631	17162.396	0.288	0.013
joyce2023	117	9106.088	4741.038	15489.337	19.375	469.992	7060.363	17528.280	0.203	0.008
joyce2023	118	2440.410	773.692	4993.046	2.500	976.164	1334.411	4935.678	0.133	0.028
joyce2023	119	1193.397	186.830	2993.581	1.250	954.718	333.585	3113.462	0.070	0.018
joyce2023	120	13606.844	7706.944	21408.193	26.875	506.301	11492.575	23420.984	0.262	0.008
joyce2023	121	11461.302	6517.319	17888.522	21.875	523.945	9584.431	20184.212	0.247	0.005
joyce2023	122	11288.032	6430.970	18609.622	24.375	463.099	9665.337	21230.973	0.300	0.006
joyce2023	123	10974.467	6447.634	18454.781	24.375	450.235	9689.223	20714.368	0.342	0.007
joyce2023	124	6510.916	3212.222	11255.895	11.875	548.288	4887.469	13090.874	0.192	0.006
joyce2023	125	4069.845	1170.016	8642.535	8.125	500.904	2455.755	9314.657	0.188	0.015
joyce2023	126	2083.276	647.462	4370.702	1.875	1111.080	1241.460	4274.591	0.159	0.029
joyce2023	127	12547.049	7412.456	19914.541	24.375	514.751	9631.643	20450.852	0.154	0.020
joyce2023	128	15749.287	10099.747	22224.708	24.375	646.125	9551.703	21001.672	0.017	0.050
joyce2023	129	5192.459	1981.138	10872.998	10.746	483.194	3860.944	11548.524	0.256	0.016
joyce2023	130	10316.372	4997.233	15287.371	15.504	665.406	5757.109	14969.586	0.040	0.031
joyce2023	131	9832.182	5031.354	14861.503	15.504	634.176	6014.152	15278.025	0.051	0.020
joyce2023	132	1055.966	142.279	3106.603	1.250	844.773	444.780	3113.462	0.151	0.024
joyce2023	133	9560.856	4491.805	14967.906	14.375	665.103	5861.892	14443.768	0.079	0.037
joyce2023	134	10368.776	6080.596	16650.919	18.750	553.001	7021.491	16622.004	0.080	0.026
joyce2023	135	8040.569	4099.313	14571.790	18.750	428.830	6613.879	16891.995	0.279	0.005
joyce2023	136	3750.895	1068.423	7342.801	5.000	750.179	1759.111	7151.736	0.102	0.032
joyce2023	137	17000.343	11874.106	24665.594	28.125	604.457	11461.033	24202.207	0.015	0.030
joyce2023	138	3245.448	963.548	6958.171	4.375	741.817	1769.434	6671.984	0.145	0.036
joyce2023	139	3066.023	846.740	6904.690	4.375	700.805	1492.621	6333.872	0.125	0.048
joyce2023	140	9515.476	5367.779	16114.477	19.375	491.121	7246.426	17667.042	0.194	0.009
joyce2023	141	9626.668	5011.888	16270.492	19.375	496.860	7176.877	16977.511	0.182	0.015
joyce2023	142	9067.176	3710.156	16997.260	15.625	580.299	6084.621	15399.588	0.175	0.067
joyce2023	143	10358.588	2958.458	14276.984	8.125	1274.903	2360.995	9151.609	0.012	0.611
joyce2023	144	9891.482	5930.414	14675.551	8.125	1217.413	2345.333	8913.846	0.001	0.729
joyce2023	145	859.125	121.708	2212.635	0.625	1374.599	222.390	2112.706	0.054	0.035
joyce2023	146	35286.381	24558.153	49104.051	72.500	486.709	34490.296	54680.561	0.446	0.004
joyce2023	147	3633.665	1131.396	7341.051	3.750	968.977	1560.183	6184.168	0.064	0.084
joyce2023	148	20934.676	14019.544	30113.488	38.125	549.106	17354.164	30884.499	0.166	0.017
joyce2023	149	15166.128	8693.083	23906.530	30.625	495.221	13234.641	26411.624	0.298	0.006
joyce2023	150	4793.605	2057.335	8984.991	7.369	650.493	2965.978	9216.218	0.114	0.020
joyce2023	151	11230.478	5899.005	18552.532	23.256	482.911	9416.222	20264.272	0.290	0.010
joyce2023	152	11321.895	6096.321	18724.678	23.256	486.842	9251.279	20652.710	0.251	0.008
joyce2023	153	879.730	122.612	2289.703	0.625	1407.568	333.585	2223.901	0.112	0.031
joyce2023	154	14572.393	8607.809	23992.239	31.875	457.173	14310.981	27019.132	0.472	0.005
joyce2023	155	15949.090	10006.640	25422.818	36.250	439.975	16223.776	30723.172	0.527	0.002
joyce2023	156	4942.352	2215.804	9256.491	9.375	527.184	3444.710	10704.408	0.169	0.007
joyce2023	157	11737.799	6873.196	19592.727	26.875	436.755	11192.981	23921.579	0.425	0.003
joyce2023	158	4314.262	1921.306	7742.438	7.500	575.235	3115.032	9524.966	0.189	0.003
joyce2023	159	8260.688	4538.653	14686.490	19.375	426.358	6977.527	17305.644	0.291	0.005
joyce2023	160	7649.249	3877.117	14303.170	19.375	394.800	7013.282	17381.669	0.388	0.005
joyce2023	161	856.199	119.642	2229.572	0.625	1369.918	222.390	2223.901	0.054	0.026
joyce2023	162	33293.338	22951.349	46957.267	67.500	493.235	32330.484	51450.312	0.441	0.005
joyce2023	163	1415.789	222.806	3566.412	1.875	755.088	444.780	3669.437	0.088	0.021
joyce2023	164	30253.132	20374.816	43881.574	65.625	461.000	31208.512	50564.799	0.560	0.002
joyce2023	165	2429.498	773.912	4775.811	2.500	971.799	1299.008	5080.210	0.120	0.014
joyce2023	166	18679.954	11819.580	29069.723	41.875	446.088	19107.554	34206.035	0.535	0.003
joyce2023	167	9035.932	4928.070	15826.373	21.250	425.220	8784.002	19343.602	0.462	0.003
joyce2023	168	9100.914	4923.064	16182.889	21.250	428.278	8732.456	19812.386	0.439	0.003
joyce2023	169	2608.429	933.908	5433.888	3.750	695.581	1445.543	5947.996	0.110	0.014
joyce2023	170	1611.774	265.291	4037.990	3.125	515.768	667.170	4892.583	0.123	0.006
joyce2023	171	25193.537	16870.917	37906.814	56.250	447.885	26701.729	44175.805	0.607	0.003
joyce2023	172	3162.419	1068.484	6437.028	5.625	562.208	1776.235	7112.875	0.127	0.009
joyce2023	173	24542.275	16615.700	35848.098	50.625	484.786	23748.412	40319.262	0.436	0.004
joyce2023	174	2371.090	735.090	5058.362	2.625	903.273	1328.413	5075.423	0.139	0.024
joyce2023	175	20717.342	13672.005	32216.748	48.000	431.611	21699.486	38265.748	0.573	0.002
joyce2023	176	1030.920	124.293	2810.205	1.000	1030.920	444.780	2779.877	0.164	0.028
joyce2023	177	1003.022	112.367	2912.506	1.000	1003.022	333.585	2779.877	0.090	0.036
joyce2023	178	24493.952	16672.719	34102.067	43.512	562.929	20687.499	35368.052	0.186	0.014
joyce2023	179	3305.636	335.165	5940.492	3.488	947.616	667.170	5003.778	0.064	0.071
joyce2023	180	3507.271	287.016	5900.967	3.488	1005.418	667.170	5114.973	0.068	0.068
joyce2023	181	5668.253	2534.253	11205.573	13.125	431.867	4687.517	13195.300	0.299	0.007
joyce2023	182	20118.471	12974.415	31314.010	46.250	434.994	21246.298	37323.699	0.594	0.002
joyce2023	183	6105.827	3055.497	10952.090	11.875	514.175	4783.852	13151.747	0.223	0.007
joyce2023	184	13668.860	8287.074	22941.205	34.375	397.640	14495.118	28353.401	0.591	0.002
joyce2023	185	4722.956	2098.159	8902.368	10.000	472.296	3611.442	11175.657	0.236	0.005
joyce2023	186	2749.398	968.302	5578.118	4.995	550.413	1662.527	6860.185	0.144	0.004
joyce2023	187	8229.844	4060.645	15318.738	19.380	424.660	6730.118	17584.495	0.276	0.007
joyce2023	188	7970.281	3959.530	14702.887	19.380	411.267	7288.988	17266.229	0.390	0.006
joyce2023	189	2709.748	916.167	5380.796	5.000	541.950	1459.983	6920.935	0.104	0.003
joyce2023	190	3341.543	1221.726	6657.832	6.875	486.043	2210.994	8639.388	0.185	0.003
joyce2023	191	5513.254	2495.875	10389.424	12.500	441.060	4540.130	12676.183	0.291	0.006
joyce2023	192	5231.684	2308.806	10084.278	12.500	418.535	4456.362	12735.622	0.339	0.005
joyce2023	193	3494.706	1235.990	7014.168	7.747	451.099	2409.247	9040.021	0.207	0.004
joyce2023	194	5426.406	2500.707	10754.789	11.628	466.671	3939.884	11955.303	0.193	0.011
joyce2023	195	5459.282	2522.348	9993.271	11.628	469.498	4222.732	11775.169	0.226	0.006
joyce2023	196	18658.264	11662.636	27737.253	38.750	481.504	17075.826	30913.294	0.342	0.006
joyce2023	197	7300.723	2654.371	11807.366	8.125	898.551	3368.091	9913.115	0.052	0.128
joyce2023	198	4630.029	1800.657	9731.481	8.125	569.850	3233.466	9962.202	0.209	0.022
joyce2023	199	9687.938	4564.642	16800.863	19.375	500.023	7178.595	17074.875	0.224	0.022
joyce2023	200	1452.884	226.985	3940.275	2.500	581.154	555.975	4336.608	0.116	0.016
joyce2023	201	8584.998	4110.125	15688.309	16.875	508.741	6413.857	16083.295	0.236	0.019
joyce2023	202	1149.327	186.830	2894.400	1.250	919.461	333.585	2891.072	0.070	0.026
joyce2023	203	7660.051	3203.928	14122.644	15.625	490.243	5956.931	14769.777	0.275	0.016
joyce2023	204	8136.127	3946.068	14741.316	15.625	520.712	5930.654	15192.820	0.207	0.018
joyce2023	205	5553.107	2098.008	11241.821	9.375	592.331	3831.530	10718.442	0.216	0.037
joyce2023	206	2825.019	923.621	5861.169	4.375	645.719	1664.654	6804.294	0.146	0.008
joyce2023	207	6456.368	3115.139	12735.279	13.750	469.554	4561.275	13415.969	0.181	0.015
joyce2023	208	6531.966	3217.023	12779.585	13.750	475.052	4606.580	13210.421	0.173	0.018
joyce2023	209	1335.059	222.645	3340.489	1.875	712.031	444.780	3780.632	0.093	0.012
joyce2023	210	7922.536	4048.667	14922.156	16.250	487.541	6355.294	15507.042	0.258	0.017
joyce2023	211	2126.840	706.831	4211.287	1.875	1134.314	1221.846	4539.230	0.131	0.013
joyce2023	212	6619.818	3211.540	13217.339	14.375	460.509	4649.710	13406.424	0.175	0.022
joyce2023	213	6580.204	3241.469	13117.797	14.375	457.753	4735.831	14264.295	0.191	0.011
joyce2023	214	1765.574	529.198	3785.348	1.250	1412.459	976.558	3658.038	0.149	0.033
joyce2023	215	1430.104	197.207	3716.510	1.875	762.722	555.975	3780.632	0.149	0.022
joyce2023	216	15460.989	8500.475	23932.186	32.500	475.723	14294.075	27666.712	0.384	0.004
joyce2023	217	3017.221	902.338	5995.957	3.750	804.592	1651.802	6099.736	0.137	0.021
joyce2023	218	7608.067	3318.865	13412.993	15.184	501.055	6153.009	15433.046	0.300	0.005
joyce2023	219	7353.274	3706.419	13179.903	13.566	542.041	4490.283	13051.337	0.077	0.027
joyce2023	220	6286.155	2334.931	12189.961	13.566	463.379	4708.940	13184.865	0.266	0.010
joyce2023	221	5739.157	2181.667	11016.713	11.875	483.297	4383.573	12200.873	0.276	0.008
joyce2023	222	9783.695	4958.122	15334.181	16.875	579.774	6161.444	16111.512	0.087	0.014
joyce2023	223	9733.866	5651.192	15486.986	16.250	599.007	6620.268	15863.139	0.074	0.018
joyce2023	224	7990.768	7472.642	8685.983	0.625	12785.229	222.390	2223.901	0.000	1.000
joyce2023	225	8277.222	7496.493	8718.430	0.625	13243.556	222.390	2112.706	0.000	1.000
joyce2023	226	2150.502	311.911	4928.469	3.125	688.161	555.975	4781.388	0.077	0.032
joyce2023	227	7534.875	3409.638	13536.101	15.625	482.232	5976.183	15468.425	0.265	0.005
joyce2023	228	7061.130	3805.490	13114.059	15.625	451.912	6041.373	14813.740	0.314	0.009
joyce2023	229	7797.701	4759.975	13648.212	15.625	499.053	5983.265	14802.465	0.142	0.011
joyce2023	230	5633.252	2235.764	10215.489	9.375	600.880	3594.697	10535.589	0.147	0.019
joyce2023	231	6410.972	3008.412	12051.049	12.500	512.878	5397.266	13441.220	0.323	0.009
joyce2023	232	5690.025	3482.162	10199.009	9.375	606.936	2723.651	9711.020	0.003	0.032
joyce2023	233	5389.321	2884.778	9194.493	9.375	574.861	2665.148	9401.614	0.017	0.021
joyce2023	234	764.270	111.279	2166.474	0.625	1222.832	222.390	2112.706	0.086	0.030
joyce2023	235	10365.825	5727.123	17846.700	21.250	487.804	8597.471	19340.537	0.274	0.010
joyce2023	236	734.980	111.279	2151.259	0.625	1175.968	333.585	2223.901	0.169	0.020
joyce2023	237	1999.456	533.839	4326.171	1.875	1066.376	1073.169	4493.334	0.148	0.018
joyce2023	238	8041.135	4205.783	15118.142	18.750	428.861	7080.377	17308.883	0.353	0.006
joyce2023	239	798.795	111.308	2231.246	0.625	1278.072	333.585	2112.706	0.140	0.034
joyce2023	240	7360.235	3493.783	14856.175	18.125	406.082	6977.981	16778.388	0.447	0.007
joyce2023	241	1326.108	197.008	3699.257	1.875	707.257	444.780	3669.437	0.102	0.027
joyce2023	242	9789.917	6807.027	15007.469	16.250	602.456	6212.582	16311.885	0.008	0.010
joyce2023	243	7019.778	3433.785	13559.373	16.250	431.986	6364.072	15786.317	0.382	0.006
joyce2023	244	1556.768	421.067	3475.477	1.250	1245.415	976.558	3618.215	0.210	0.017
joyce2023	245	1659.630	203.894	4556.237	3.125	531.082	555.975	4781.388	0.133	0.018
joyce2023	246	2547.926	787.482	5346.817	3.125	815.336	1529.214	5623.019	0.166	0.017
joyce2023	247	6598.603	3470.127	11561.057	13.125	502.751	4617.677	12868.535	0.119	0.009
joyce2023	248	832.877	119.757	2176.638	0.625	1332.602	222.390	2112.706	0.054	0.030
joyce2023	249	5030.659	2300.365	10615.008	12.500	402.453	4372.676	12386.599	0.345	0.009
joyce2023	250	1104.174	180.068	2770.269	1.250	883.339	333.585	3113.462	0.073	0.009
joyce2023	251	4578.253	2008.487	10727.945	11.250	406.956	4030.108	11800.291	0.365	0.013
joyce2023	252	2485.431	820.411	5050.388	3.125	795.338	1543.061	5611.539	0.167	0.010
joyce2023	253	4257.995	2252.400	8332.024	8.125	524.061	2459.402	9028.009	0.046	0.017
joyce2023	254	1316.408	222.878	3205.892	1.875	702.084	555.975	3780.632	0.132	0.007
joyce2023	255	2762.703	1007.606	5437.933	6.250	442.032	1959.836	7662.994	0.205	0.002
joyce2023	256	3498.336	1462.031	6007.599	6.250	559.734	1832.352	8152.085	0.053	0.003
joyce2023	257	2841.478	824.793	6226.571	5.625	505.152	1804.491	7184.331	0.202	0.009
joyce2023	258	2267.087	659.241	4601.051	2.500	906.835	1281.380	4925.606	0.150	0.014
joyce2023	259	3851.094	1746.394	7519.467	8.125	473.981	2436.899	9263.970	0.097	0.007
joyce2023	260	1259.512	222.290	3178.737	1.875	671.740	444.780	3780.632	0.102	0.006
joyce2023	261	2719.804	1036.020	5537.859	6.250	435.169	1829.932	7561.444	0.173	0.004
joyce2023	262	2728.597	983.839	5644.704	6.250	436.576	1986.714	7778.089	0.234	0.003
joyce2023	263	2980.941	617.383	6132.560	5.000	596.188	1619.576	6956.614	0.193	0.006
joyce2023	264	3073.645	1843.364	6696.921	5.625	546.426	1597.630	7453.518	0.009	0.008
joyce2023	265	1754.121	392.381	4585.871	1.875	935.531	1153.483	4272.593	0.296	0.043
joyce2023	266	2235.053	519.454	3475.241	3.750	596.014	667.170	5226.168	0.025	0.003
joyce2023	267	2271.417	502.708	3523.204	3.750	605.711	667.170	5226.168	0.025	0.003
joyce2023	268	1066.908	113.530	3538.207	1.250	853.526	444.780	3002.267	0.176	0.074
joyce2023	269	718.470	111.141	2305.185	0.625	1149.552	222.390	2112.706	0.100	0.040
joyce2023	270	2615.507	616.253	5607.193	3.125	836.962	1432.356	5562.608	0.188	0.028
joyce2023	271	5735.800	2321.346	12332.402	14.375	399.012	4882.055	13551.987	0.356	0.011
joyce2023	272	5792.751	2375.301	12193.011	14.375	402.974	4616.588	13628.167	0.299	0.008
joyce2023	273	2576.843	616.112	5587.881	3.125	824.590	1407.413	5578.886	0.190	0.025
joyce2023	274	5860.410	2301.736	12311.752	14.375	407.681	4864.171	13540.322	0.337	0.011
joyce2023	275	1284.587	168.687	3746.457	1.875	685.113	444.780	3780.632	0.121	0.024
joyce2023	276	5201.871	2241.153	11292.062	12.500	416.150	4513.638	12603.975	0.369	0.010
joyce2023	277	6295.014	3195.682	12023.880	12.500	503.601	4454.426	12620.115	0.148	0.016
joyce2023	278	4080.735	1281.051	6466.087	2.500	1632.294	667.170	4336.608	0.008	0.408
joyce2023	279	11453.468	8759.129	15756.683	15.625	733.022	5794.757	14952.491	0.000	0.046
joyce2023	280	1916.981	597.709	3711.368	1.250	1533.585	917.065	3713.506	0.084	0.025
joyce2023	281	1977.313	186.067	4183.601	2.500	790.925	444.780	4336.608	0.099	0.014
joyce2023	282	3443.682	720.615	7331.999	4.898	703.042	1893.735	7033.414	0.167	0.031
joyce2023	283	6887.439	3542.827	10282.457	6.977	987.200	2159.442	8234.891	0.004	0.170
joyce2023	284	6768.500	3509.468	10268.142	6.977	970.152	2015.483	8183.841	0.003	0.164
joyce2023	285	9143.989	5855.673	12953.788	11.250	812.799	3806.680	12223.217	0.000	0.054
joyce2023	286	4013.791	3903.428	4325.385	0.625	6422.066	333.585	2223.901	0.000	1.000
joyce2023	287	5591.358	5137.623	6082.052	0.625	8946.174	333.585	2223.901	0.000	1.000
joyce2023	288	7198.953	3602.266	10758.352	6.250	1151.832	2022.146	7672.280	0.002	0.398
joyce2023	289	3912.047	1555.197	7355.027	8.125	481.483	2463.381	8979.169	0.134	0.007
joyce2023	290	740.706	121.056	1782.696	0.373	1985.471	222.390	1667.926	0.058	0.040
joyce2023	291	6254.974	3331.851	9430.601	7.752	806.892	2365.707	9003.969	0.003	0.042
joyce2023	292	3584.137	1350.679	6626.374	5.426	660.505	1791.247	7575.615	0.066	0.009
joyce2023	293	1278.146	230.551	2946.496	2.326	549.603	555.975	4003.022	0.119	0.001
joyce2023	294	741.157	124.311	1762.179	0.388	1912.184	222.390	1667.926	0.059	0.037
joyce2023	295	1296.548	225.434	2964.851	1.938	669.019	444.780	3891.827	0.082	0.003
joyce2023	296	1283.667	225.536	2999.052	1.938	662.372	444.780	3669.437	0.086	0.006
